-1.9624631
-1.9272045
-1.8902111
-1.8733214
-1.7593000
-1.7367741
-1.7096219
-1.6403000
-1.5999884
-1.5518556
-1.4333893
-1.4312725
-1.4276483
-1.3197500
-1.3052656
-1.2378737
-1.2174283
-1.1438202
-1.1097504
-0.9986907
-0.9776891
-0.9672910
-0.8616120
-0.8374555
-0.8183445
-0.7596567
-0.5883720
-0.5705253
-0.4617230
-0.4574751
-0.3790684
-0.3782247
-0.2962144
-0.2950534
-0.2742826
-0.2532331
-0.2322175
-0.1472822
-0.0185440
-0.0112589
0.0399713
0.0430913
0.1156911
0.1670467
0.1689044
0.3448655
0.3702688
0.4564990
0.4626085
0.5016125
0.5775758
0.5804615
0.5893990
0.6425281
0.7625497
0.8457223
0.9025925
0.9095902
0.9314107
0.9624244
1.1187241
1.1335304
1.1844151
1.3110251
1.3119358
1.3494466
1.3717093
1.3813758
1.3845140
1.5052157
1.5670264
1.5696032
1.5847247
1.6055095
1.6626723
1.7175124
1.9182094
1.9241437
1.9290338
1.9768209
2.0277566
2.0825968
2.1888585
2.2072115
2.2543598
2.3044600
2.3147994
2.4249867
2.4481515
2.4523848
2.5057186
2.5286519
2.5899534
2.7442000
2.8424768
2.8548685
2.8916133
2.9308821
3.0255637
3.0915793
