-1.9624631 0.0000000 0.8941977
-1.9272045 0.0000000 1.1840955
-1.8902111 0.0000000 0.9781057
-1.8733214 0.0000000 1.1086632
-1.7593000 0.0000000 1.0189418
-1.7367741 0.0000000 0.8094241
-1.7096219 0.0000000 1.1278701
-1.6403000 0.0000000 1.0953380
-1.5999884 0.0000000 1.0210299
-1.5518556 0.0000000 1.1460694
-1.4333893 0.0000000 1.1727835
-1.4312725 0.0000000 1.0686531
-1.4276483 0.0000000 1.1143078
-1.3197500 0.0000000 1.1588056
-1.3052656 0.0000000 1.1613495
-1.2378737 0.0000000 0.7918952
-1.2174283 0.0000000 1.0334766
-1.1438202 0.0000000 0.9192637
-1.1097504 0.0000000 0.9105254
-0.9986907 0.0000000 1.0258222
-0.9776891 0.0000000 0.9801230
-0.9672910 0.0000000 1.1381297
-0.8616120 0.0000000 1.0585381
-0.8374555 0.0000000 1.0730394
-0.8183445 0.0000000 1.1554888
-0.7596567 0.0000000 1.1624311
-0.5883720 0.0000000 1.0000598
-0.5705253 0.0000000 0.9752638
-0.4617230 0.0000000 1.0021514
-0.4574751 0.0000000 0.9180230
-0.3790684 0.0000000 1.0962805
-0.3782247 0.0000000 1.0490728
-0.2962144 0.0000000 1.0819982
-0.2950534 0.0000000 0.9530464
-0.2742826 0.0000000 1.0126324
-0.2532331 0.0000000 1.0548332
-0.2322175 0.0000000 0.9369496
-0.1472822 0.0000000 1.0304467
-0.0185440 0.0000000 0.8251653
-0.0112589 0.0000000 1.0313794
0.0399713 0.0000000 0.9043059
0.0430913 0.0000000 1.1392061
0.1156911 0.0000000 1.0805969
0.1670467 0.0000000 0.8097289
0.1689044 0.0000000 0.8657369
0.3448655 0.0000000 1.0387287
0.3702688 0.0000000 1.0876010
0.4564990 0.0000000 1.0578355
0.4626085 0.0000000 1.0704954
0.5016125 0.0000000 1.0406074
0.5775758 0.0000000 1.0508429
0.5804615 0.0000000 1.1478406
0.5893990 0.0000000 1.1056544
0.6425281 0.0000000 1.0749357
0.7625497 0.0000000 0.8957249
0.8457223 0.0000000 0.8597762
0.9025925 0.0000000 1.0521771
0.9095902 0.0000000 1.0771213
0.9314107 0.0000000 1.1473983
0.9624244 0.0000000 1.0743611
1.1187241 0.0000000 1.0567823
1.1335304 0.0000000 1.0475871
1.1844151 0.0000000 0.8786315
1.3110251 0.0000000 1.1404611
1.3119358 0.0000000 0.9183545
1.3494466 0.0000000 1.0054320
1.3717093 0.0000000 0.9837114
1.3813758 0.0000000 1.0280170
1.3845140 0.0000000 0.8605819
1.5052157 0.0000000 0.9374197
1.5670264 0.0000000 1.1402130
1.5696032 0.0000000 0.9788747
1.5847247 0.0000000 1.0635591
1.6055095 0.0000000 1.0529850
1.6626723 0.0000000 1.1578258
1.7175124 0.0000000 1.1095485
1.9182094 0.0000000 1.1147777
1.9241437 0.0000000 0.9712026
1.9290338 0.0000000 0.8893458
1.9768209 0.0000000 1.0492264
2.0277566 0.0000000 1.0363051
2.0825968 0.0000000 1.2125175
2.1888585 0.0000000 0.9537062
2.2072115 0.0000000 1.0425888
2.2543598 0.0000000 1.0845693
2.3044600 0.0000000 0.9974185
2.3147994 0.0000000 1.0129989
2.4249867 0.0000000 0.9775241
2.4481515 0.0000000 0.8744513
2.4523848 0.0000000 0.9866697
2.5057186 0.0000000 1.0671488
2.5286519 0.0000000 0.9490122
2.5899534 0.0000000 0.9526654
2.7442000 0.0000000 1.0099845
2.8424768 0.0000000 1.1670718
2.8548685 0.0000000 0.8863513
2.8916133 0.0000000 0.9289628
2.9308821 0.0000000 1.0245346
3.0255637 0.0000000 0.9355551
3.0915793 0.0000000 1.0331579
